4 10 1
4 12 20
4 16 1
4 17 10
4 23 25
4 25 1
4 27 3
4 29 40
4 30 16
4 33 19
4 42 12
4 44 3
4 46 1
4 48 2
4 51 6
4 52 7
4 54 2
4 60 22
4 67 5
4 72 3
4 73 1
4 81 4
4 83 6
4 84 4
4 85 1
4 95 1
4 99 2
4 100 3
4 101 1
4 104 3
4 122 4
4 139 1
4 142 4
4 143 1
4 144 13
4 152 1
4 156 3
4 160 2
4 181 1
4 233 12
4 234 1
4 235 4
4 239 3
4 245 1
4 251 6
4 277 1
4 279 1
4 282 1
4 289 2
4 291 2
4 295 1
4 297 7
4 299 1
4 301 4
4 306 1
4 307 1
4 309 2
4 310 1
4 312 1
4 314 4
4 316 2
4 340 1
4 343 9
4 364 3
4 388 6
4 393 6
4 394 1
4 400 1
4 410 1
4 416 1
4 420 2
4 425 1
4 426 9
4 438 2
4 449 1
4 451 1
4 458 1
4 465 1
4 466 3
4 469 1
4 470 2
4 473 5
4 474 4
4 477 4
4 479 3
4 482 1
4 489 1
4 491 1
4 492 2
4 515 1
4 529 1
4 531 2
4 536 1
4 550 1
4 551 2
4 555 1
4 563 3
4 574 2
4 575 1
4 588 1
4 604 1
4 612 1
4 613 4
4 614 1
4 621 1
4 623 1
4 630 2
4 644 1
4 646 2
4 657 1
4 658 1
4 663 2
4 683 1
4 692 1
4 695 2
4 722 9
4 731 1
4 742 1
4 746 1
4 748 1
4 749 6
4 766 3
4 770 1
4 775 4
4 778 1
4 779 2
4 793 4
4 813 5
4 824 3
4 825 2
4 827 1
4 828 3
4 832 1
4 834 1
4 838 1
4 845 2
4 847 1
4 849 2
4 850 1
4 863 3
4 864 1
4 870 3
4 877 2
4 886 2
4 887 1
4 902 4
4 905 1
4 910 2
4 912 2
4 914 1
4 920 1
4 921 1
4 922 6
4 930 2
4 939 1
4 942 2
4 947 3
4 965 1
4 968 2
4 969 1
4 970 1
4 977 1
4 982 1
4 985 1
4 987 1
4 988 1
4 992 2
4 993 1
4 995 1
4 996 2
4 1003 5
4 1010 2
4 1017 1
4 1018 6
4 1034 1
4 1038 2
4 1040 1
4 1044 1
4 1065 3
4 1071 2
4 1077 1
4 1101 1
4 1102 1
4 1103 1
4 1123 1
4 1124 1
4 1128 1
4 1130 1
4 1134 1
4 1137 1
4 1138 1
4 1145 2
4 1157 3
4 1160 2
4 1196 3
4 1206 1
4 1211 1
4 1236 1
4 1245 3
4 1260 3
4 1266 1
4 1268 1
4 1270 1
4 1282 1
4 1283 1
4 1305 1
4 1325 1
4 1330 1
4 1347 1
4 1365 1
4 1425 3
4 1452 3
4 1463 1
4 1472 1
4 1485 1
4 1487 1
4 1491 1
4 1507 1
4 1508 1
4 1552 1
4 1557 1
4 1571 1
4 1580 1
4 1608 1
4 1635 1
4 1646 4
4 1649 1
4 1676 1
4 1678 1
4 1690 1
4 1735 1
4 1784 1
4 1810 1
4 1855 1
4 1861 1
4 1863 1
4 1870 1
4 1894 1
4 1898 1
4 1906 2
4 1910 1
4 1924 1
4 2030 1
4 2038 1
4 2045 1
4 2095 1
4 2111 1
4 2113 2
4 2182 1
4 2220 1
4 2232 4
4 2254 1
4 2444 2
4 2465 1
4 2534 1
4 2585 1
4 2608 1
4 2633 1
4 2717 1
4 2791 3
4 2807 1
4 2829 2
4 2906 1
4 3023 2
4 3057 1
4 3069 1
4 3140 7
4 3153 1
4 3167 1
4 3183 3
4 3192 1
4 3289 1
4 3290 1
4 3291 1
4 3292 1
4 3293 1
4 3294 1
4 3295 1
4 3296 1
4 3297 1
4 3469 4
4 3471 3
4 3482 1
4 3501 1
4 3559 1
4 3565 1
4 3708 2
4 3903 1
4 3950 1
4 3995 1
4 4066 1
4 4088 2
4 4094 1
4 4316 1
4 4501 1
4 4709 1
4 4729 1
4 4743 3
4 4921 1
4 5003 1
4 5082 1
4 5149 1
4 5488 1
4 5915 1
4 6099 1
4 6427 1
4 6521 1
4 6625 1
4 6954 1
4 7077 1
4 7670 4
4 7803 1
4 7808 1
4 7951 1
4 8012 1
4 8142 1
4 8413 1
4 8811 1
4 8979 1
4 9007 1
4 9413 1
4 9414 1
4 9445 1
4 10050 1
4 10310 1
4 10528 1
4 10775 4
4 11227 1
4 11256 1
4 11761 1
4 12034 1
4 13012 1
4 14705 1
4 15869 1
4 17147 1
4 18175 1
4 19354 1
4 20593 3
4 22058 1
4 22098 2
4 22508 1
4 31724 1
4 31760 1
4 31927 1
4 36512 1
4 38811 1
4 41950 1
4 45754 1
4 45956 1
4 46815 1
4 53416 1
4 53976 2
4 53977 1
4 53978 1
4 53979 1
4 53980 3